50 0.1 1 0.999023 11.0918
50 0.2 1 1 24.6104
50 0.3 1 1 34.5078
50 0.4 1 0.994141 40.1797
50 0.5 1 0.932617 43.6221
50 0.6 1 0.772461 45.7949
50 0.7 1 0.554688 47.2393
50 0.8 1 0.34082 48.1611
50 0.9 0.995117 0.180664 48.7734
50 1.0 0.102539 0.0830078 49.1709
50 1.1 0.0488281 0.0439453 49.4385
50 1.2 0.0263672 0.0283203 49.6328
50 1.3 0.00878906 0.00976562 49.7559
50 1.4 0.00488281 0.00488281 49.8359
50 1.5 0.00195312 0.00195312 49.9014
50 1.6 0.000976562 0.000976562 49.9365
50 1.7 0 0 49.96
50 1.8 0 0 49.9756
50 1.9 0 0 49.9824
50 2.0 0 0 49.9854
50 2.1 0 0 49.9902
50 2.2 0 0 49.9932
