10000 0.1 0.148566 0.311166 0 0
10000 0.2 0.499853 0.366153 0 0
10000 0.3 0.680513 0.430777 0 0
10000 0.4 0.790687 0.502041 0 0
10000 0.5 0.861513 0.578726 0 0
10000 0.6 0.907795 0.660186 0 0
10000 0.7 0.938549 0.745487 0 0
10000 0.8 0.958963 0.834068 0 0
10000 0.9 0.972562 0.925307 0 0
10000 1.0 0.981633 0.997005 0 0
10000 1.1 0.987702 0.99867 0 0
10000 1.2 0.99176 0.999388 0 0.00585938
10000 1.3 0.994502 0.999716 0 0.0615234
10000 1.4 0.996327 0.999863 0 0.258789
10000 1.5 0.997524 0.999935 0 0.506836
10000 1.6 0.998338 0.999966 0 0.708008
10000 1.7 0.998887 0.999985 0 0.857422
10000 1.8 0.999251 0.999993 0 0.929688
10000 1.9 0.999501 0.999997 0.00683594 0.96875
10000 2.0 0.999666 0.999999 0.0458984 0.987305
10000 2.1 0.999776 0.999999 0.121094 0.994141
10000 2.2 0.99985 1 0.220703 0.999023
