200 0.1 1 1 31.7461
200 0.2 1 1 99.3594
200 0.3 1 1 136.82
200 0.4 1 1 158.994
200 0.5 1 1 172.919
200 0.6 1 0.996094 182.057
200 0.7 1 0.962891 188.134
200 0.8 1 0.808594 192.038
200 0.9 1 0.586914 194.768
200 1.0 0.429688 0.349609 196.598
200 1.1 0.228516 0.1875 197.748
200 1.2 0.112305 0.0927734 198.506
200 1.3 0.0498047 0.0410156 198.998
200 1.4 0.0283203 0.0273438 199.345
200 1.5 0.0146484 0.0126953 199.578
200 1.6 0.00585938 0.00488281 199.718
200 1.7 0.000976562 0.000976562 199.811
200 1.8 0 0 199.879
200 1.9 0 0 199.917
200 2.0 0 0 199.94
200 2.1 0 0 199.964
200 2.2 0 0 199.981
