1000 0.1 0.139507 0.31103 0 0
1000 0.2 0.498939 0.365876 0 0
1000 0.3 0.681162 0.430432 0 0
1000 0.4 0.79121 0.5018 0 0
1000 0.5 0.862019 0.578442 0 0
1000 0.6 0.908133 0.659965 0 0
1000 0.7 0.938747 0.745369 0 0
1000 0.8 0.958866 0.834166 0 0
1000 0.9 0.972375 0.925509 0 0
1000 1.0 0.981531 0.997009 0 0.046875
1000 1.1 0.987735 0.998629 0 0.265625
1000 1.2 0.991776 0.999357 0 0.539062
1000 1.3 0.994552 0.999711 0.00488281 0.744141
1000 1.4 0.996308 0.999876 0.0273438 0.885742
1000 1.5 0.997539 0.999944 0.0917969 0.945312
1000 1.6 0.998375 0.999971 0.212891 0.97168
1000 1.7 0.998897 0.999987 0.325195 0.988281
1000 1.8 0.999256 0.999993 0.482422 0.994141
1000 1.9 0.999495 0.999997 0.610352 0.99707
1000 2.0 0.999645 0.999999 0.700195 0.999023
1000 2.1 0.999759 1 0.786133 1
1000 2.2 0.999828 1 0.841797 1
