4096 0.005 0.00172591 0.205526 0 0
4096 0.010 0.00228262 0.23516 0 0
4096 0.015 0.00285411 0.243754 0 0
4096 0.020 0.00346565 0.249252 0 0
4096 0.025 0.00417399 0.258588 0 0
4096 0.030 0.00499821 0.26547 0 0
4096 0.035 0.00603151 0.271162 0 0
4096 0.040 0.00718379 0.274969 0 0
4096 0.045 0.00877762 0.279695 0 0
4096 0.05 0.0106275 0.283505 0 0
4096 0.050 0.0106275 0.283505 0 0
4096 0.055 0.0131598 0.28746 0 0
4096 0.060 0.0164669 0.290468 0 0
4096 0.065 0.0209835 0.293206 0 0
4096 0.070 0.0269868 0.296417 0 0
4096 0.075 0.0362897 0.299004 0 0
4096 0.080 0.048595 0.301529 0 0
4096 0.085 0.0663209 0.303937 0 0
4096 0.090 0.0881262 0.306649 0 0
4096 0.095 0.11581 0.308782 0 0
4096 0.10 0.142454 0.310937 0 0
4096 0.100 0.142454 0.310937 0 0
4096 0.105 0.171181 0.313315 0 0
4096 0.110 0.196452 0.315694 0 0
4096 0.115 0.22194 0.318258 0 0
4096 0.120 0.244326 0.320799 0 0
4096 0.125 0.266618 0.323522 0 0
4096 0.130 0.286524 0.326119 0 0
4096 0.135 0.305223 0.32881 0 0
4096 0.140 0.324299 0.331525 0 0
4096 0.145 0.341805 0.334151 0 0
4096 0.15 0.35916 0.336981 0 0
4096 0.150 0.35916 0.336981 0 0
4096 0.155 0.37518 0.339679 0 0
4096 0.160 0.391665 0.34257 0 0
4096 0.165 0.406319 0.34539 0 0
4096 0.170 0.421226 0.348388 0 0
4096 0.175 0.434888 0.351193 0 0
4096 0.180 0.44888 0.354178 0 0
4096 0.185 0.461757 0.357043 0 0
4096 0.190 0.474833 0.360066 0 0
4096 0.195 0.486976 0.362959 0 0
4096 0.20 0.499231 0.366059 0 0
4096 0.200 0.499231 0.366059 0 0
4096 0.25 0.602311 0.397378 0 0
4096 0.30 0.680254 0.430566 0 0
4096 0.35 0.741836 0.46551 0 0
4096 0.40 0.790725 0.501899 0 0
4096 0.45 0.829804 0.539778 0 0
4096 0.5 0.861363 0.578848 0 0
4096 0.50 0.861363 0.578848 0 0
4096 0.6 0.907658 0.660148 0 0
4096 0.7 0.938392 0.745562 0 0
4096 0.8 0.958734 0.834065 0 0
4096 0.9 0.972395 0.925373 0 0
4096 1.0 0.981563 0.99698 0 0
4096 1.1 0.987654 0.998643 0 0.0078125
4096 1.2 0.991752 0.999382 0 0.0957031
4096 1.3 0.994465 0.999716 0 0.31543
4096 1.4 0.996311 0.99987 0 0.591797
4096 1.5 0.997525 0.999937 0 0.771484
4096 1.6 0.998338 0.999974 0 0.898438
4096 1.7 0.998891 0.999986 0.00390625 0.943359
4096 1.8 0.999247 0.999993 0.0419922 0.972656
4096 1.9 0.999502 0.999997 0.136719 0.987305
4096 2.0 0.99967 0.999998 0.279297 0.993164
4096 2.1 0.999781 0.999999 0.43457 0.995117
4096 2.2 0.999849 0.999999 0.552734 0.99707
4096 2.3 0.999896 1 0.666016 0.999023
4096 2.4 0.999932 1 0.760742 0.999023
4096 2.5 0.999953 1 0.827148 1
4096 2.6 0.999971 1 0.887695 1
4096 2.7 0.999981 1 0.925781 1
4096 2.8 0.999985 1 0.944336 1
4096 2.9 0.999989 1 0.956055 1
4096 3.0 0.999992 1 0.96875 1
