512 0.005 0.00933838 0.22582 0 0
512 0.010 0.0118732 0.211788 0 0
512 0.015 0.0135841 0.219772 0 0
512 0.020 0.0163765 0.237224 0 0
512 0.025 0.0185261 0.244273 0 0
512 0.030 0.0217438 0.253612 0 0
512 0.035 0.0242462 0.257462 0 0
512 0.040 0.0282211 0.26571 0 0
512 0.045 0.0328197 0.27159 0 0
512 0.05 0.0364532 0.275181 0 0
512 0.050 0.0364532 0.275181 0 0
512 0.055 0.0427265 0.278422 0 0
512 0.060 0.0478611 0.282733 0 0
512 0.065 0.0561047 0.287034 0 0
512 0.070 0.0624523 0.289272 0 0
512 0.075 0.0743237 0.293526 0 0
512 0.080 0.0825348 0.296194 0 0
512 0.085 0.0970688 0.299368 0 0
512 0.090 0.11359 0.303141 0 0
512 0.095 0.125908 0.305859 0 0
512 0.10 0.147974 0.309484 0 0
512 0.100 0.147974 0.309484 0 0
512 0.105 0.162786 0.311453 0 0
512 0.110 0.186258 0.314748 0 0
512 0.115 0.20339 0.316669 0 0
512 0.120 0.227156 0.319555 0 0
512 0.125 0.251518 0.322809 0 0
512 0.130 0.269373 0.32502 0 0
512 0.135 0.294214 0.327917 0 0
512 0.140 0.310827 0.329955 0 0
512 0.145 0.334568 0.333125 0 0
512 0.15 0.349289 0.335313 0 0
512 0.150 0.349289 0.335313 0 0
512 0.155 0.370173 0.338311 0 0
512 0.160 0.383543 0.340582 0 0
512 0.165 0.4028 0.343841 0 0
512 0.170 0.420414 0.347307 0 0
512 0.175 0.431849 0.34953 0 0
512 0.180 0.448807 0.352964 0 0
512 0.185 0.459049 0.355351 0 0
512 0.190 0.47456 0.358744 0 0
512 0.195 0.484228 0.361181 0 0
512 0.20 0.498922 0.364803 0 0
512 0.200 0.498922 0.364803 0 0
512 0.25 0.603819 0.396734 0 0
512 0.30 0.680315 0.42937 0 0
512 0.35 0.742594 0.46493 0 0
512 0.40 0.790913 0.500116 0 0
512 0.45 0.830902 0.53831 0 0
512 0.5 0.863184 0.577732 0 0
512 0.50 0.863184 0.577732 0 0
512 0.6 0.909136 0.658879 0 0
512 0.7 0.939747 0.743799 0 0
512 0.8 0.959795 0.832185 0 0
512 0.9 0.973106 0.923224 0 0
512 1.0 0.982061 0.997012 0 0.216797
512 1.1 0.988085 0.998628 0 0.481445
512 1.2 0.992184 0.999394 0.0136719 0.735352
512 1.3 0.994843 0.999678 0.0605469 0.844727
512 1.4 0.99655 0.999849 0.155273 0.923828
512 1.5 0.997713 0.999927 0.300781 0.962891
512 1.6 0.998466 0.999968 0.452148 0.983398
512 1.7 0.998976 0.999989 0.594727 0.994141
512 1.8 0.999315 0.999998 0.710938 0.999023
512 1.9 0.999535 0.999998 0.790039 0.999023
512 2.0 0.99968 1 0.847656 1
512 2.1 0.999783 1 0.895508 1
512 2.2 0.999853 1 0.926758 1
512 2.3 0.999901 1 0.949219 1
512 2.4 0.999943 1 0.970703 1
512 2.5 0.999962 1 0.980469 1
512 2.6 0.999971 1 0.985352 1
512 2.7 0.999983 1 0.991211 1
512 2.8 0.99999 1 0.995117 1
512 2.9 0.999994 1 0.99707 1
512 3.0 0.999994 1 0.99707 1
