64 0.5 0.867188 0.613331 0 0
64 0.6 0.915671 0.68583 0 0
64 0.7 0.941866 0.769567 0.0294118 0
64 0.8 0.959099 0.871956 0.117647 0
64 0.9 0.970588 0.960133 0.220588 0.147059
64 1.0 0.981847 0.995172 0.323529 0.808824
64 1.1 0.987132 0.998233 0.470588 0.897059
64 1.2 0.990809 0.99899 0.588235 0.941176
64 1.3 0.993796 0.999737 0.691176 0.985294
64 1.4 0.996094 1 0.779412 1
64 1.5 0.998162 1 0.897059 1
64 1.6 0.998368 1 0.910448 1
64 1.7 0.998834 1 0.940299 1
64 1.8 0.999067 1 0.940299 1
64 1.9 0.9993 1 0.955224 1
64 2.0 0.999534 1 0.970149 1
