1000 0.1 0.00493555 0.824696 0 0.359375
1000 0.2 0.00862402 0.837659 0 0.1875
1000 0.3 0.0153467 0.852045 0 0.0908203
1000 0.4 0.0322178 0.857913 0 0.0185547
1000 0.5 0.0880283 0.865103 0 0.000976562
1000 0.6 0.287676 0.868587 0 0
1000 0.7 0.507471 0.874594 0 0
1000 0.8 0.642561 0.884409 0 0
1000 0.9 0.733517 0.895531 0 0
1000 1.0 0.797851 0.908546 0 0
1000 1.1 0.84443 0.921783 0 0
1000 1.2 0.879354 0.935988 0 0
1000 1.3 0.905375 0.950427 0 0
1000 1.4 0.925185 0.964361 0 0
1000 1.5 0.940518 0.975865 0 0
1000 1.6 0.952708 0.983643 0 0
1000 1.7 0.962092 0.988751 0 0
1000 1.8 0.969696 0.992021 0 0.000976562
1000 1.9 0.975476 0.99443 0 0.00878906
1000 2.0 0.980278 0.996063 0 0.0195312
1000 2.1 0.984118 0.997287 0 0.0761719
1000 2.2 0.987207 0.998098 0 0.157227
1000 2.3 0.989638 0.998635 0 0.262695
1000 2.4 0.991608 0.999058 0 0.397461
1000 2.5 0.993135 0.99934 0.00292969 0.522461
1000 2.6 0.99444 0.999531 0.00585938 0.629883
1000 2.7 0.995518 0.999655 0.0107422 0.705078
1000 2.8 0.996336 0.99976 0.0234375 0.785156
1000 2.9 0.997045 0.99983 0.0498047 0.844727
1000 3.0 0.997614 0.999864 0.0957031 0.870117
1000 3.1 0.998059 0.999914 0.143555 0.916992
1000 3.2 0.998388 0.999936 0.199219 0.939453
1000 3.3 0.998697 0.999952 0.275391 0.955078
1000 3.4 0.998936 0.999972 0.356445 0.973633
1000 3.5 0.999125 0.999976 0.425781 0.976562
1000 3.6 0.999278 0.999984 0.486328 0.984375
1000 3.7 0.999425 0.999992 0.563477 0.992188
1000 3.8 0.999516 0.999994 0.614258 0.994141
1000 3.9 0.999615 0.999997 0.680664 0.99707
1000 4.0 0.999688 0.999998 0.732422 0.998047
1000 4.1 0.999745 1 0.777344 1
1000 4.2 0.999795 1 0.8125 1
1000 4.3 0.999825 1 0.837891 1
1000 4.4 0.999858 0.999999 0.867188 0.999023
1000 4.5 0.999881 1 0.885742 1
1000 4.6 0.999906 1 0.90918 1
1000 4.7 0.999922 1 0.923828 1
1000 4.8 0.99994 1 0.942383 1
1000 4.9 0.999953 1 0.953125 1
1000 5.0 0.999962 1 0.961914 1
1000 5.1 0.99997 1 0.969727 1
1000 5.2 0.999977 1 0.976562 1
1000 5.3 0.99998 1 0.980469 1
1000 5.4 0.999983 1 0.983398 1
1000 5.5 0.999986 1 0.986328 1
1000 5.6 0.999988 1 0.988281 1
1000 5.7 0.99999 1 0.990234 1
1000 5.8 0.999992 1 0.992188 1
1000 5.9 0.999995 1 0.995117 1
1000 6.0 0.999996 1 0.996094 1
1000 6.1 0.999997 1 0.99707 1
1000 6.2 0.999997 1 0.99707 1
1000 6.3 0.999998 1 0.998047 1
1000 6.4 0.999999 1 0.999023 1
1000 6.5 0.999999 1 0.999023 1
1000 6.6 0.999999 1 0.999023 1
