100 0.1 0.0318359 0.767527 0 0.307617
100 0.2 0.0491797 0.811397 0 0.333984
100 0.3 0.0747559 0.836317 0 0.232422
100 0.4 0.117402 0.844543 0 0.145508
100 0.5 0.19248 0.853953 0 0.0507812
100 0.6 0.312412 0.866638 0 0.0253906
100 0.7 0.479209 0.873868 0 0.00390625
100 0.8 0.635938 0.881838 0 0.000976562
100 0.9 0.736904 0.8943 0 0.00195312
100 1.0 0.805791 0.906032 0 0
100 1.1 0.851387 0.919884 0 0.00292969
100 1.2 0.885625 0.933557 0 0.00390625
100 1.3 0.911553 0.946583 0 0.0195312
100 1.4 0.931621 0.959896 0 0.0439453
100 1.5 0.946064 0.970954 0.00195312 0.106445
100 1.6 0.957119 0.979665 0.0117188 0.189453
100 1.7 0.966436 0.986618 0.0253906 0.324219
100 1.8 0.973203 0.991455 0.0634766 0.460938
100 1.9 0.97874 0.994426 0.118164 0.595703
100 2.0 0.982939 0.996214 0.178711 0.696289
100 2.1 0.98626 0.997511 0.245117 0.789062
100 2.2 0.989395 0.998228 0.351562 0.84082
100 2.3 0.991709 0.9988 0.4375 0.887695
100 2.4 0.993389 0.999156 0.515625 0.919922
100 2.5 0.994746 0.999451 0.59375 0.947266
100 2.6 0.995801 0.999598 0.660156 0.960938
100 2.7 0.996563 0.999687 0.713867 0.96875
100 2.8 0.997197 0.999736 0.761719 0.973633
100 2.9 0.997607 0.999805 0.794922 0.980469
100 3.0 0.998037 0.999883 0.823242 0.988281
100 3.1 0.99835 0.999912 0.848633 0.991211
100 3.2 0.998682 0.999961 0.87793 0.996094
100 3.3 0.998955 0.999971 0.902344 0.99707
100 3.4 0.999209 0.99998 0.925781 0.998047
100 3.5 0.999385 0.99999 0.941406 0.999023
100 3.6 0.999521 1 0.954102 1
100 3.7 0.999639 1 0.964844 1
100 3.8 0.999688 1 0.96875 1
100 3.9 0.999736 1 0.973633 1
100 4.0 0.999775 1 0.977539 1
100 4.1 0.999834 1 0.983398 1
100 4.2 0.999863 1 0.986328 1
100 4.3 0.999922 1 0.992188 1
100 4.4 0.999941 1 0.994141 1
100 4.5 0.999971 1 0.99707 1
100 4.6 0.999971 1 0.99707 1
100 4.7 0.999971 1 0.99707 1
100 4.8 0.99998 1 0.998047 1
100 4.9 0.99998 1 0.998047 1
100 5.0 0.99999 1 0.999023 1
100 5.1 0.99999 1 0.999023 1
100 5.2 0.99999 1 0.999023 1
100 5.3 0.99999 1 0.999023 1
100 5.4 0.99999 1 0.999023 1
100 5.5 0.99999 1 0.999023 1
100 5.6 1 1 1 1
100 5.7 1 1 1 1
100 5.8 1 1 1 1
100 5.9 1 1 1 1
100 6.0 1 1 1 1
100 6.1 1 1 1 1
100 6.2 1 1 1 1
100 6.3 1 1 1 1
100 6.4 1 1 1 1
100 6.5 1 1 1 1
100 6.6 1 1 1 1
