4096 0.1 0.00147057 0.825307 0 0.258789
4096 0.2 0.00276685 0.842676 0 0.115234
4096 0.3 0.00534272 0.853705 0 0.0410156
4096 0.4 0.0127366 0.860108 0 0.00292969
4096 0.5 0.0570419 0.864573 0 0
4096 0.6 0.305593 0.868164 0 0
4096 0.7 0.510546 0.874473 0 0
4096 0.8 0.642404 0.883763 0 0
4096 0.9 0.732463 0.895268 0 0
4096 1.0 0.797028 0.908146 0 0
4096 1.1 0.843872 0.921705 0 0
4096 1.2 0.878798 0.936362 0 0
4096 1.3 0.904991 0.95119 0 0
4096 1.4 0.925166 0.965556 0 0
4096 1.5 0.940683 0.976562 0 0
4096 1.6 0.952734 0.983789 0 0
4096 1.7 0.9622 0.988844 0 0
4096 1.8 0.969644 0.992181 0 0
4096 1.9 0.975522 0.99449 0 0
4096 2.0 0.980235 0.996107 0 0
4096 2.1 0.984036 0.997248 0 0
4096 2.2 0.98706 0.998034 0 0
4096 2.3 0.989491 0.998597 0 0.00390625
4096 2.4 0.99146 0.999006 0 0.0224609
4096 2.5 0.993083 0.999287 0 0.0722656
4096 2.6 0.994351 0.999501 0 0.135742
4096 2.7 0.995397 0.99965 0 0.244141
4096 2.8 0.996266 0.99976 0 0.390625
4096 2.9 0.996961 0.999839 0 0.521484
4096 3.0 0.997524 0.999884 0 0.630859
4096 3.1 0.997986 0.999912 0.000976562 0.706055
4096 3.2 0.998359 0.999936 0.00195312 0.773438
4096 3.3 0.998678 0.999953 0.00585938 0.824219
4096 3.4 0.998918 0.999968 0.0126953 0.87793
4096 3.5 0.999118 0.999977 0.0273438 0.907227
4096 3.6 0.999275 0.999985 0.0478516 0.938477
4096 3.7 0.999411 0.999989 0.0820312 0.954102
4096 3.8 0.999526 0.999991 0.145508 0.962891
4096 3.9 0.999607 0.999993 0.205078 0.97168
4096 4.0 0.999681 0.999995 0.283203 0.980469
4096 4.1 0.999739 0.999998 0.360352 0.990234
4096 4.2 0.999787 0.999999 0.425781 0.994141
4096 4.3 0.999827 0.999999 0.494141 0.995117
4096 4.4 0.99986 0.999999 0.573242 0.996094
4096 4.5 0.999885 1 0.628906 0.999023
4096 4.6 0.999907 1 0.688477 1
4096 4.7 0.999923 1 0.736328 1
4096 4.8 0.999938 1 0.77832 1
4096 4.9 0.999951 1 0.817383 1
4096 5.0 0.999961 1 0.852539 1
4096 5.1 0.999968 1 0.878906 1
4096 5.2 0.999973 1 0.896484 1
4096 5.3 0.999978 1 0.915039 1
4096 5.4 0.999981 1 0.927734 1
4096 5.5 0.999985 1 0.941406 1
4096 5.6 0.999987 1 0.948242 1
4096 5.7 0.999989 1 0.956055 1
4096 5.8 0.999991 1 0.963867 1
4096 5.9 0.999993 1 0.973633 1
4096 6.0 0.999994 1 0.976562 1
4096 6.1 0.999995 1 0.981445 1
4096 6.2 0.999996 1 0.984375 1
4096 6.3 0.999997 1 0.988281 1
4096 6.4 0.999997 1 0.989258 1
4096 6.5 0.999998 1 0.990234 1
4096 6.6 0.999998 1 0.993164 1
