5000 0.1 0.001225 0.84666 0 0.364583
5000 0.2 0.00228333 0.840815 0 0.104167
5000 0.3 0.00442292 0.845698 0 0.03125
5000 0.4 0.0107021 0.856808 0 0
5000 0.5 0.0498271 0.866417 0 0
5000 0.6 0.304262 0.867623 0 0
5000 0.7 0.509236 0.874013 0 0
5000 0.8 0.642554 0.883438 0 0
5000 0.9 0.732633 0.895027 0 0
5000 1.0 0.797658 0.907902 0 0
5000 1.1 0.844523 0.921527 0 0
5000 1.2 0.879877 0.935999 0 0
5000 1.3 0.906131 0.951453 0 0
5000 1.4 0.925987 0.965801 0 0
5000 1.5 0.941488 0.976399 0 0
5000 1.6 0.953285 0.983568 0 0
5000 1.7 0.962482 0.9889 0 0
5000 1.8 0.969989 0.992224 0 0
5000 1.9 0.976043 0.994531 0 0
5000 2.0 0.980598 0.99601 0 0
5000 2.1 0.984206 0.997155 0 0
5000 2.2 0.987187 0.998054 0 0
5000 2.3 0.989674 0.99854 0 0
5000 2.4 0.991578 0.998966 0 0
5000 2.5 0.993124 0.999294 0 0.0315789
5000 2.6 0.994422 0.999475 0 0.0860215
5000 2.7 0.995406 0.99965 0 0.202128
5000 2.8 0.996264 0.999769 0 0.37234
5000 2.9 0.996949 0.999838 0 0.468085
5000 3.0 0.997501 0.999881 0 0.569892
5000 3.1 0.997946 0.99992 0 0.688172
5000 3.2 0.998342 0.999955 0 0.8
5000 3.3 0.998646 0.999965 0 0.836957
5000 3.4 0.998887 0.999971 0.0111111 0.866667
5000 3.5 0.999081 0.99998 0.011236 0.898876
5000 3.6 0.999234 0.999989 0.0224719 0.94382
5000 3.7 0.999372 0.999995 0.0117647 0.976471
5000 3.8 0.999503 0.999998 0.045977 0.988506
5000 3.9 0.999585 0.999998 0.123457 0.987654
5000 4.0 0.999676 1 0.195122 1
5000 4.1 0.999722 1 0.256098 1
5000 4.2 0.999775 1 0.275 1
5000 4.3 0.999817 1 0.3625 1
5000 4.4 0.999865 1 0.5 1
5000 4.5 0.999882 1 0.55 1
5000 4.6 0.999912 1 0.65 1
5000 4.7 0.999924 1 0.670886 1
5000 4.8 0.999932 1 0.7 1
5000 4.9 0.999945 1 0.75 1
5000 5.0 0.999958 1 0.8 1
5000 5.1 0.999962 1 0.825 1
5000 5.2 0.999972 1 0.8625 1
5000 5.3 0.999977 1 0.8875 1
5000 5.4 0.99998 1 0.9 1
5000 5.5 0.999985 1 0.925 1
5000 5.6 0.99999 1 0.95 1
5000 5.7 0.99999 1 0.949367 1
5000 5.8 0.99999 1 0.95 1
5000 5.9 0.999992 1 0.9625 1
5000 6.0 0.999992 1 0.9625 1
5000 6.1 0.999992 1 0.9625 1
5000 6.2 0.999992 1 0.961538 1
5000 6.3 0.999995 1 0.974684 1
5000 6.4 0.999997 1 0.987342 1
5000 6.5 0.999997 1 0.987342 1
5000 6.6 1 1 1 1
