512 0.1 0.00848389 0.813725 0 0.415039
512 0.2 0.0145664 0.836637 0 0.227539
512 0.3 0.0246887 0.851421 0 0.107422
512 0.4 0.0469589 0.855663 0 0.0253906
512 0.5 0.110941 0.865259 0 0.00292969
512 0.6 0.28087 0.86869 0 0
512 0.7 0.500536 0.875384 0 0
512 0.8 0.639982 0.884155 0 0
512 0.9 0.732681 0.894912 0 0
512 1.0 0.798843 0.907993 0 0
512 1.1 0.844612 0.921361 0 0
512 1.2 0.879204 0.935805 0 0
512 1.3 0.905478 0.949611 0 0
512 1.4 0.925274 0.963426 0 0
512 1.5 0.941244 0.975062 0 0
512 1.6 0.953014 0.983267 0 0.000976562
512 1.7 0.962412 0.988802 0 0.00878906
512 1.8 0.969809 0.992172 0 0.0332031
512 1.9 0.975636 0.994484 0 0.0869141
512 2.0 0.980383 0.996163 0 0.157227
512 2.1 0.984148 0.997348 0 0.267578
512 2.2 0.987219 0.998142 0.00195312 0.399414
512 2.3 0.989586 0.998661 0.00683594 0.519531
512 2.4 0.991573 0.999036 0.0166016 0.616211
512 2.5 0.993155 0.999324 0.0351562 0.705078
512 2.6 0.994471 0.999536 0.0693359 0.791016
512 2.7 0.995462 0.999693 0.101562 0.857422
512 2.8 0.996273 0.999788 0.149414 0.899414
512 2.9 0.997063 0.999858 0.21582 0.931641
512 3.0 0.997602 0.999903 0.290039 0.952148
512 3.1 0.998039 0.999929 0.364258 0.963867
512 3.2 0.998384 0.999945 0.43457 0.97168
512 3.3 0.99872 0.999962 0.514648 0.980469
512 3.4 0.998957 0.999971 0.579102 0.985352
512 3.5 0.999174 0.999973 0.651367 0.986328
512 3.6 0.999331 0.999979 0.703125 0.989258
512 3.7 0.999449 0.999983 0.74707 0.991211
512 3.8 0.999554 0.999987 0.788086 0.993164
512 3.9 0.999638 0.999987 0.825195 0.993164
512 4.0 0.999714 0.999992 0.858398 0.996094
512 4.1 0.999784 0.999994 0.890625 0.99707
512 4.2 0.999809 0.999996 0.90332 0.998047
512 4.3 0.999832 0.999998 0.915039 0.999023
512 4.4 0.999861 1 0.929688 1
512 4.5 0.99988 1 0.939453 1
512 4.6 0.999897 1 0.947266 1
512 4.7 0.999929 1 0.963867 1
512 4.8 0.999943 1 0.970703 1
512 4.9 0.999949 1 0.973633 1
512 5.0 0.999956 1 0.977539 1
512 5.1 0.99996 1 0.979492 1
512 5.2 0.999969 1 0.984375 1
512 5.3 0.999973 1 0.986328 1
512 5.4 0.999977 1 0.988281 1
512 5.5 0.999983 1 0.991211 1
512 5.6 0.999989 1 0.994141 1
512 5.7 0.999989 1 0.994141 1
512 5.8 0.99999 1 0.995117 1
512 5.9 0.999994 1 0.99707 1
512 6.0 0.999994 1 0.99707 1
512 6.1 0.999996 1 0.998047 1
512 6.2 0.999996 1 0.998047 1
512 6.3 0.999998 1 0.999023 1
512 6.4 0.999998 1 0.999023 1
512 6.5 0.999998 1 0.999023 1
512 6.6 1 1 1 1
