64 0.1 0.0436249 0.811003 0 0.441406
64 0.2 0.0645142 0.782379 0 0.324219
64 0.3 0.0987549 0.822803 0 0.262695
64 0.4 0.141403 0.842153 0 0.202148
64 0.5 0.224854 0.853418 0 0.105469
64 0.6 0.332474 0.860162 0 0.0517578
64 0.7 0.470551 0.868365 0 0.015625
64 0.8 0.628387 0.880043 0 0.0078125
64 0.9 0.7332 0.891126 0 0.00390625
64 1.0 0.808884 0.905466 0 0.00390625
64 1.1 0.854813 0.917732 0 0.00976562
64 1.2 0.886322 0.932123 0 0.0273438
64 1.3 0.914948 0.946466 0.00195312 0.0683594
64 1.4 0.932983 0.957052 0.0117188 0.109375
64 1.5 0.94841 0.968837 0.0283203 0.198242
64 1.6 0.959503 0.976328 0.0585938 0.300781
64 1.7 0.967773 0.983644 0.116211 0.410156
64 1.8 0.975433 0.989876 0.196289 0.55957
64 1.9 0.98024 0.992935 0.261719 0.661133
64 2.0 0.984314 0.995438 0.358398 0.757812
64 2.1 0.987671 0.996835 0.457031 0.824219
64 2.2 0.990204 0.997998 0.541016 0.881836
64 2.3 0.992325 0.998878 0.620117 0.932617
64 2.4 0.994125 0.999231 0.6875 0.954102
64 2.5 0.995361 0.999571 0.74707 0.974609
64 2.6 0.996246 0.999663 0.786133 0.979492
64 2.7 0.996933 0.999755 0.825195 0.984375
64 2.8 0.997513 0.999878 0.854492 0.992188
64 2.9 0.997864 0.999893 0.873047 0.993164
64 3.0 0.998322 0.999939 0.898438 0.996094
64 3.1 0.99852 0.999969 0.910156 0.998047
64 3.2 0.998795 0.999985 0.926758 0.999023
64 3.3 0.99913 0.999985 0.946289 0.999023
64 3.4 0.999344 0.999985 0.958984 0.999023
64 3.5 0.999451 1 0.96582 1
64 3.6 0.999603 1 0.974609 1
64 3.7 0.999695 1 0.980469 1
64 3.8 0.999725 1 0.982422 1
64 3.9 0.999802 1 0.987305 1
64 4.0 0.999832 1 0.989258 1
64 4.1 0.999863 1 0.991211 1
64 4.2 0.999893 1 0.993164 1
64 4.3 0.999939 1 0.996094 1
64 4.4 0.999985 1 0.999023 1
64 4.5 0.999985 1 0.999023 1
64 4.6 1 1 1 1
64 4.7 1 1 1 1
64 4.8 1 1 1 1
64 4.9 1 1 1 1
64 5.0 1 1 1 1
64 5.1 1 1 1 1
64 5.2 1 1 1 1
64 5.3 1 1 1 1
64 5.4 1 1 1 1
64 5.5 1 1 1 1
64 5.6 1 1 1 1
64 5.7 1 1 1 1
64 5.8 1 1 1 1
64 5.9 1 1 1 1
64 6.0 1 1 1 1
64 6.1 1 1 1 1
64 6.2 1 1 1 1
64 6.3 1 1 1 1
64 6.4 1 1 1 1
64 6.5 1 1 1 1
64 6.6 1 1 1 1
