100 0.1 0.185967 0.304341 0 0
100 0.2 0.494033 0.36353 0 0
100 0.3 0.684492 0.428462 0 0
100 0.4 0.796387 0.499159 0 0
100 0.5 0.866484 0.576028 0 0
100 0.6 0.912314 0.657492 0 0
100 0.7 0.942188 0.743047 0.00292969 0
100 0.8 0.961738 0.832016 0.0166016 0
100 0.9 0.974971 0.923273 0.0849609 0
100 1.0 0.983398 0.996944 0.189453 0.742188
100 1.1 0.988799 0.998549 0.333008 0.865234
100 1.2 0.992295 0.999469 0.46875 0.948242
100 1.3 0.994873 0.999696 0.606445 0.969727
100 1.4 0.99666 0.999873 0.713867 0.987305
100 1.5 0.997813 0.999941 0.800781 0.994141
100 1.6 0.998584 0.999971 0.867188 0.99707
100 1.7 0.998965 0.99999 0.90332 0.999023
100 1.8 0.999395 0.99999 0.944336 0.999023
100 1.9 0.999629 1 0.963867 1
100 2.0 0.999795 1 0.980469 1
100 2.1 0.999854 1 0.986328 1
100 2.2 0.999912 1 0.992188 1
